player -224 108
ls 48 224 180
p 32 200 32 8
c 144 308
c 40 188
be 16 208
ls 80 184 180
ls 112 144 180
p 0 320 96 40
p 96 304 32 56
p 128 336 144 0
p 128 344 352 16
se 200 336
p 64 160 32 8
p 96 120 32 8
s 80 152 0
s 88 152 0
s 112 112 0
s 120 112 0
p 120 272 152 16
s 384 336 0
s 392 336 0
s 400 336 0
s 408 336 0
s 416 336 0
s 424 336 0
s 432 336 0
s 440 336 0
s 448 336 0
s 456 336 0
s 464 336 0
s 472 336 0
be 320 312
ed 320 328
ed 320 120
p 136 120 168 8
p 368 184 1 159
s 58 192 0
s 376 192 90
s 376 200 90
s 376 208 90
s 376 216 90
s 376 224 90
s 376 232 90
s 376 240 90
s 376 248 90
s 376 256 90
s 376 264 90
s 376 272 90
s 376 280 90
s 376 288 90
s 376 296 90
s 376 304 90
s 376 312 90
s 376 320 90
s 376 328 90
s 376 336 90
se 472 320
se 472 304
se 472 288
se 472 272
se 472 256
se 472 240
se 472 224
se 472 208
se 472 192
p 384 256 27 1
f 392 304
se 424 144
ed 120 120
be 304 120
be 304 312
